# oST version 5.0 parameters


[image]

width
640

height
480

[narrow_stereo]

camera matrix
263.728635 0.000000 347.367870
0.000000 254.011578 215.926447
0.000000 0.000000 1.000000

distortion
-0.210421 0.032115 0.001285 -0.000209 0.000000

rectification
1.000000 0.000000 0.000000
0.000000 1.000000 0.000000
0.000000 0.000000 1.000000

projection
182.828949 0.000000 345.274950 0.000000
0.000000 188.356903 201.010390 0.000000
0.000000 0.000000 1.000000 0.000000

