# oST version 5.0 parameters


[image]

width
640

height
480

[narrow_stereo]

camera matrix
614.370958 0.000000 317.060350
0.000000 591.447635 283.391370
0.000000 0.000000 1.000000

distortion
-0.423163 0.170071 -0.001560 -0.001489 0.000000

rectification
1.000000 0.000000 0.000000
0.000000 1.000000 0.000000
0.000000 0.000000 1.000000

projection
534.238281 0.000000 314.787726 0.000000
0.000000 542.058105 290.119934 0.000000
0.000000 0.000000 1.000000 0.000000

