# oST version 5.0 parameters


[image]

width
640

height
480

[narrow_stereo]

camera matrix
819.638849 0.000000 329.310058
0.000000 787.629556 226.997114
0.000000 0.000000 1.000000

distortion
0.157596 -0.679920 -0.001167 0.002336 0.000000

rectification
1.000000 0.000000 0.000000
0.000000 1.000000 0.000000
0.000000 0.000000 1.000000

projection
826.251953 0.000000 330.328441 0.000000
0.000000 795.299927 226.688776 0.000000
0.000000 0.000000 1.000000 0.000000

